Processing documents...
begin [0] end[4524]
begin [0] end[5872]
34069647 total links found
945642 documents
956234 intra collection links
Max in-degree is 41184
Max out-degree is 59
140548 documents have in-degree > 0
1 21.434
2 0.267369
3 0.00852044
4 0.000819905
5 0.000156296
6 3.45752e-05
7 8.2527e-06
8 2.01245e-06
9 4.98201e-07
10 1.23788e-07
11 3.08469e-08
12 7.69486e-09
13 1.92161e-09
14 4.7991e-10
15 1.19933e-10
16 2.99663e-11
17 7.49083e-12
18 1.87205e-12
19 4.68017e-13
20 1.16977e-13
21 2.92456e-14
22 7.31019e-15
23 1.82766e-15
24 4.56858e-16
25 1.14222e-16
26 2.85526e-17
27 7.13858e-18
28 1.78451e-18
29 4.46152e-19
30 1.11531e-19
31 2.78841e-20
32 6.97064e-21
33 1.74274e-21
34 4.35669e-22
35 1.08921e-22
36 2.7229e-23
37 6.80756e-24
38 1.70185e-24
39 4.2549e-25
40 1.06377e-25
41 2.65973e-26
42 6.6511e-27
43 1.66229e-27
44 4.15443e-28
45 1.03925e-28
46 2.61259e-29
47 6.56344e-30
48 1.65806e-30
49 4.1908e-31
50 1.04096e-31
945642 documents
956234 intra collection links
Max in-degree is 41184
Max out-degree is 59
140548 documents have in-degree > 0
1 108.509
2 3.0455
3 0.218369
4 0.0472799
5 0.0202788
6 0.0100935
7 0.00542071
8 0.00297418
9 0.00165665
10 0.000926158
11 0.000519279
12 0.000291456
13 0.000163765
14 9.20233e-05
15 5.17439e-05
16 2.90895e-05
17 1.63612e-05
18 9.19996e-06
19 5.17502e-06
20 2.91026e-06
21 1.6371e-06
22 9.20718e-07
23 5.17935e-07
24 2.91302e-07
25 1.63868e-07
26 9.21668e-08
27 5.18469e-08
28 2.91617e-08
29 1.64043e-08
30 9.22684e-09
31 5.19035e-09
32 2.91942e-09
33 1.64224e-09
34 9.23721e-10
35 5.19612e-10
36 2.92271e-10
37 1.64408e-10
38 9.24763e-11
39 5.20194e-11
40 2.92601e-11
41 1.64592e-11
42 9.25807e-12
43 5.20779e-12
44 2.92931e-12
45 1.64777e-12
46 9.26852e-13
47 5.21364e-13
48 2.93262e-13
49 1.64963e-13
50 9.27897e-14
945642 documents
956234 intra collection links
Max in-degree is 41184
Max out-degree is 59
140548 documents have in-degree > 0
1 179.019
2 6.45363
3 0.594365
4 0.165292
5 0.0910615
6 0.0582169
7 0.0401586
8 0.0283012
9 0.020248
10 0.0145396
11 0.0104709
12 0.00754871
13 0.00544797
14 0.00393213
15 0.00283991
16 0.00205067
17 0.00148146
18 0.00106998
19 0.00077307
20 0.000558411
21 0.000403472
22 0.00029146
23 0.000210593
24 0.000152134
25 0.000109924
26 7.94124e-05
27 5.73788e-05
28 4.14531e-05
29 2.99514e-05
30 2.16385e-05
31 1.56346e-05
32 1.12954e-05
33 8.16128e-06
34 5.89627e-06
35 4.26021e-06
36 3.07788e-06
37 2.22385e-06
38 1.60667e-06
39 1.16086e-06
40 8.38695e-07
41 6.05973e-07
42 4.37803e-07
43 3.16321e-07
44 2.28536e-07
45 1.65121e-07
46 1.19297e-07
47 8.6194e-08
48 6.22739e-08
49 4.49937e-08
50 3.25073e-08
Total time: 746s
